27791   18911
6541   21746
31684   24133
18865   23833
28462   4345
27033   29614
28895   32631
8951   8999
10926   22271
9545   184
1814   32552
15352   23271
4984   1905
16398   5748
24645   7281
32248   27534
26137   5939
29449   8160
26016   6409
30694   16852
1622   8766
13409   8560
29162   2833
15247   30254
6681   4091
24721   7003
19132   6666
10454   12600
3641   28415
418   3917
10075   3047
9624   20328
3883   30238
28242   31770
12307   30076
32014   29200
5514   21816
8571   23913
29521   32761
26527   6519
11103   4253
1876   17747
28540   27237
11066   6073
19924   19265
18749   6084
8650   10376
13973   15172
16093   24295
20633   13651
13687   19774
29853   7877
14877   5777
18529   31985
22640   16434
12712   17180
14907   13280
924   12134
11251   9643
7060   17236
24857   23366
28614   26388
9438   12053
17353   3796
17310   3205
14004   2176
19337   17651
21161   8560
1105   5654
13889   13399
2376   31693
28506   19689
29499   21054
15899   801
9260   29088
32640   21387
32091   16163
28586   12406
16412   18480
6057   7440
25200   17880
6164   2444
8011   4411
1133   25670
20889   27131
5295   6725
21104   28757
14154   2696
15769   10317
5372   27044
22977   22355
14375   15932
13129   10530
13189   14421
30537   7545
19950   26898
25198   24712
8043   22477
3998   8285
26746   31888
